$ANSIBLE_VAULT;1.1;AES256
61333637323533333065383736626535633431316237623661396530343637333232303732373233
6264636363386661616233383562323234633335663161370a613734616530326235353166383130
37613534613631616430646361363838336237633135613766356231636232336132653761623661
6465343330613534640a656337656265626564376663376239313538376332346537663563323562
31636438396235323637663636326531333165656135373631316261373233653637346532346165
33353034623731633764396566666161343661623162343263633531613664353161616532666339
62343334343763303739313063306165626533373831303831343331363635393866326631346664
61303139666166663433336239346538303066333736633035333466303937653034663634613661
63336165646235646235386663323565336463613731343135313334386636363039373662303733
36383061613737633865353534633465303064666232373733643938323336636330373439643962
64643030326531343562653363616531333932346361663634663238626565613832653235626365
31653632303566643035353335303661356466353463316563323833393064333332303735393932
34313431356133356339353633646434306633313333333238613735623262636131393361633735
66333866306435636165393764356334376336396335306233663334636234316161323935353664
36356635646237613335323365303263323236303536353332323338643238623663333234353639
32336137376165643462323137353836336230653561363032636430323062363062346331396633
36646464336466616165666139643631376439366264633865393061613734313131383139666364
30376235383762343932663934616565343336646232383265656633666564393431326566613937
33366239353562373435626536616363306330393130343333396363343231306534656435366233
31666638643765343330313561303463656539336636643139633739363830363935626465303666
38626237666632386535316131333136613832336339313061363439646136656461393835613632
34323263373538373265316435623032353638346438376533616539346535333233653333653363
63366233386161613432653261663966383036666137626239333334363439376437653134363833
64373261633632303666343633663965333563666664633332346636366366316165323963376430
33326632313364326339323162393861383265633634636335613261646161343937623634393039
61613965633764393335636431333161366437303733343364613265356165646234626533393334
39393936633939383366333232326632313035636139343563643233626332353661393039393737
63643565393163313461616236326464323333326361656537636263373932326435303566343339
62393431336633623764396537353536666432633665633739376132336632353736363661376235
32396231306662626264366666373431333962333761386234333535353036356236366133356330
32356363373936633633633766386264316434363762396135353234323065613732663434346532
38316432303138653334383133623963346264383733386632333037373938313535393835366237
31333762636332623664323931336134383236613165656365623334303965353635346339343662
64653364323330396333623832393831376263313065303761356434663437653837363561643530
34396331306535613234643833653063393034636262326161623162363235323232313131376335
35366664383235643566356530386134616132333039303566383339643633656261376464396630
33333830316239393132306238623137636262303830363666616635383431623766316238326262
66613735366334343836393234363234393838373635643233613661663331363365353863616533
39323037326561363261323362353435383265646632383839396132313365366565393632653833
36623637373638303137363062356534313035306230616335633466336166386666386164336131
38313337333938333265633035656634333332653738326635626637396261366130666535303133
62376439393537623566326633396439353937633263666333383538373266366231346137383333
63633138626430623936373032626564663736323030343833663434396239353862626136393936
37663238313032386635656463386437653965306562363939346235623336353934346238633763
65646233303634653165616265653432306432653233363266613466363932633265616236393766
36363732323332633865326466656434323530366663613431373065353662646565326364656230
64356331623437333738386633363830313963636162643737376538623466353061623334333861
61303361313232323230643166653530646431333130303661633532663133336235373566636131
38393837333335343865383939633263363433326231623837656164313631313062636163643635
37383035373739306634336165353962353234323263366663613266366236653533643963323137
37373133383831346639343730386439303664666166366531356532316261633631316134636261
66383165353863363939376238316336353062653137393165396534313162343831633539373530
32643732663539633832333037353937356564613035613965386561643566396263636233616562
35333465363731323837353935653239666332626138343565653534306238626264386439353934
32363763663562666534346131633232323233363530383363646137326434316632323661653733
33626565633863623865653436653138373932616432363638626165336365383963373839363036
31323766393735353763373161383337313862393163383530383037663836316163316338663263
62393933666165393831363337336233663631313739363035643232616431353164386366376433
63393538373434663464656134306434666632306464313361373062613266326536356434363361
37316431313731393532653634633963666337303037303535653262626330343064363535643135
30666165633465383933643638666637323165643363376330633938646138616666663433326637
33376339626532323866636533313432636130383865636538356539646633326538653061643339
31633432363665396531663630323637393232393563313433333433653934666238623061306630
36623834313061623965303138303439326538333035623165313437663665336366303239313661
64646135643963303737343861343932643734653864626635656634633132326433376266636639
39303432633231386362383430626234306566616136656536316239326238636562373737376538
36393535363237363332363036336363643533646532373739643762663431626139303662396334
34343935353130316437353235323138613466666366353633313366336266656162343536636664
39333435346136346333366236393761326165303238373237393863646466623034643139316337
61633931373633626365393631656464373833373665646161393261356538333463316536396630
34343432633634363639363965393134623061663037336635376164666666613031373864383935
30313061353130316135303464306435643536383636373833366666646334326233363064353761
39383664336366383136343062343164626266303131373364353431633335623966333035383630
30323361326464336231643764643735646465633431376436313738383264396564333635373430
30663866643463383334333637396131323561626434336239663530366265336639643463653066
33656336616231376266663136386432346435623966393537363732363739653830363236323565
32353463666232613464303633316539613434636337643364636366613562373939353661336363
38633961316130613365633931623062373632383437303266346536356363316338356534633865
39386130363139356564663834616264616230333133353261323361373637653231666165313433
34616431333139366364313035663964323066326431626561666237626232313366313365323635
39633634396431653535383661666562376431323639316538373831373362373234353537623031
62383031303264313361656236333236646262316465313336386130353135333262333534666639
38636239343939636638396439303665376565333761663833616339343863303735336534363932
33326261373764666530653962326531636131646532653838323461656537326466343361306366
66323331663363343766653363343762316436633562613031363564663032333566303632393238
66353463326631313331346136653039643162363365613464346661383231653534373435346238
35313965306164643531393062643332323765383731303764343635353038653362326639376236
34333332306633323636633365613263353964626264643564326633623364646636323765333233
62343931613062393231613862346563393332306335313662366534333436653833336633333139
34656536653332356566626335303031353634366139353631346365646665363135363064653433
32373735653431663462363964636335323634363438336232663332633839663830643630393566
66393531623630663239356137633133623632363239656435346139303935656361383433656565
36336138326138613061306561653666353730366436316334636337613466383230616364666335
36326537313130323865623165376631366530303338303036373336653435343938323332306338
36386336363664343665626336613036366161393063343539346166636265303439363765383963
66383634353630386432663739333964376363366565323562333632323930396330383935346561
61633531663736666665643330313934663639633037366266333065363732353533343233393261
64636433396333626332346432316431646430616138333832633734386633316237623061336331
62336437386366303339356365373038663432336563386537656534383164383535393831356661
38396161333638383031303066663032623930623463396339343938633833653564363331373964
64363563643439663563323337616439613962326634393838323532373764313236636434626565
66376261313063386632643764653035613438353238343764313635623830613931333937363165
39393939616365663039633033333161643165306262623930663133343465636136306636366139
38393062376664336535313037613038643232656337666133613964383762653265383933633632
35656163666361616334613631623764656636303365656533633038613165333035666334353535
31333333326633663139646436326232626437613434313238343637646339343634616239373866
61663065336432663264623434646539343638343661353362613761323664343738636462356666
37366166323332633061353161303266666432313039396163656632386330323439313566353439
30663637303565666463393937386135396632643064643136653865323031356533366537353239
36383234346537653233333639393433333132623936306239383863336261336338393833663731
65353230323334393162386638393166653638373966303162303539306165383539356264313035
34333031643935646538623038363963623966323964396265383365626566616663326565316232
66366133383663346662663732316633393235353931363231303731353163343930666632636434
62346336333565373434383537626561643962386539303061356634316532343630616535323835
33383539653262393834383964613934396237306233353234303534386661346135323661353637
31643863306632326239663264333734326632643762343437333139643464366433653364386465
32323435626433383762333937626563623833666639663165306138613537383531313738353031
37363330383332613539313831336339663333386330313763313834393635386465653538366564
64366163343762656662306437336461623535636161646430323466633261373035643135616335
34636639383733366337376362616235363432643738356365663362396637633535393563646137
61613437623931366130393630613039643633373231376635346364626432613637643133343834
64656439656465313661383163336434386432353065323138346638616261313739366135396266
36653661613463666330356364666661613834333333643566383331376230373933396337646366
39396335393433373535333532653966373431306561643835313263343830653138333336303638
35373866383966616465326336666632353663353631323739666636653734303534386263323266
63613332623739633761346134623461386335383130383761363237656264616530343339306433
30323862356464643436626630643339303262633031343036396135373037396338366362343964
61346331666162343139616334643865626439333633656564356562646565326465333635326233
37613962353537393863636661323732636136383434633732323261393734356630306166326632
34343434663937323334353532313733663534353930663239393736613436666431373663333730
36373435326263376534346631383735663331343662393936653235306235623133373661656266
34376435396666643235333562633135353762623162663165353635353863653231643563366165
38363232306361643939336235393532323765373232386562326137313730316664613737333134
64633065303337613731356461386331323563313863396538666664396333633461313137643139
30366234306636393463393364326334336264303363633863393430383464626431366336323362
38316333626361373866636138613431653635613235373234333937393564613034343739306464
39346365306563336539653335383630653332306439613163613933663962363835326261656438
38313530393466633333306137353637653861613766383235643062313438323236333830383664
35393961623163366236323433666535396665323830396461653131623230643563313734326366
37393630646364336234363536343166343862316438373365323666333734373861383838323538
31363964353430626462316161396535373062386331623239653434633261613837663562653432
37353433343739393835636638663562633562343539353065306262366138306532333131323434
61663739366336663163636162626233373532613163396637616665323636366632653031633435
38336434313862373262653966363362343662666338373562343164306564316136353334326430
38666666313338623236376237343162386331613834373430626434386535633666336362323961
38346463303831656163616438623631623161316639623538623136656136353836393539656131
39623438333330653839393839383564343461346639393366313465633465393065623839393963
36303565316131386435343130623339313932653437376535336430383539353265383734353736
34303030663462323239326437343564326537663430373832623466346566363230323438303336
34333036343861343237323564363039336339343062386361633136616361303362353534323735
63663932663334626336343930306131363339656662663130383632646435303262306461656538
31613634386232633030653933373964383336333764643933633836346537616163376462633764
34333565396335373937303038663665373164666531376233363466316436653439626533623538
39353363306563393336393733376237643663613739636661353932313439663964613135363530
35373530663161613837663437613865373761333563333236363534396630396262613034353335
61653633633364626433646666326234643561653538613261626436616263363332313339323365
30373863323163353165663336663961313239343366323732663337346338393163353166643261
66636430306133386630313835323961643761336562326336653565396563666237633966336165
35653662616563353361356632326165326161373365366137656236306630636139386231393030
34633266383931323036613735393066353038373264306637373866373261626661313531633438
32623534356233353864353733303061303664613936333766303036326365346332643432656166
61313365333364623862663530333530373937626531656433363563376663633635613239323732
63623230393138636430636532666238666431663839643239383137303662313563633663616335
65323231396662353434383662386138663239376133636230313561333662376165363732393733
39326535323833616430363962306166356566633364623838643531343135656365633630323061
34353933653361656666626430616439616433346235616263353233666461643662303737636332
64383130643939323539356233336134376461343665366163653862663563613933356462316365
32306661303031333338336435626635323035303737316461643134343065326636643062336538
33343935313837353537636339333764353632343230633731396630366261633939386161313065
32643262373265653136643466623730336630323362396436313463336265656237663562323064
36353063396262323734316566663139396133316233386466393561643734623763623664626462
33623566376539623734376666313665353731613239613838616562303533386131343061343235
36393039653231363334373761366430303863376366313531623834316437346137
