$ANSIBLE_VAULT;1.1;AES256
64303833366662643430383535666237353932323739323335356463383939373935653036646163
6562613566343564653531366366316463326664613863350a623332373663306336623961343665
38356336663338643532346335366239383437616265376639346439356565623266376539626164
3739636339616165650a656666613734623936313739396538343336323339363537313365336334
61333761346438303239636133376263613535376230653131366632343862383831383134376461
65333933363164373935353934656639303565323862643663663664613562316262653136303563
61306561363661373430306230633361633062623534303761373362636637616461383965633335
34613935336237633032313637663465373639343461666136646636636634653366643462356662
62316366333964393062663531393538313966393166383630346336333933323531353537616436
31663339393235373633393363663336336466306637623934383830333863356664643134343764
32616535383539333032393166646635336234643136653937336261386439643833393038313861
64643135386364646434643333613564333762633932373362643837656263353232376430653363
63326662623437653230613537363161333266383463383834376462373139383062653663326437
6139373461623635363662313631636133306137653162633733
