$ANSIBLE_VAULT;1.1;AES256
65336539653839646431393665393933373062383935343931323436313231663039326661373035
6438376162323131313235643464633937366631656662640a383438653836393438353561356331
62633836346165363636663363656234383636343133613035633635383362626665383961666635
6462653762323765330a303939323063323033306130373933633433383362636636323636663233
33383731623735666661626634306461633935316333653766336361306332306333303030316530
64373330666437666638343264333138633130623062326465343332323966303631376238363838
31373636376235343838303139613236656430323163373030346631663263636636306564356232
36313130313333343266333835396363343165366436636666326163656635363233383164636465
37393163653163363732623066653764336338393532386464636133336166613363656132363538
31643634636563386564353361343762393233383838623466363163633338623162336334313966
65353731613137653134643138383935303938346530616238336464383761323630646532653164
36366162383262636632353139336532356630356663333133326539376131306132626331316631
3036
