$ANSIBLE_VAULT;1.1;AES256
64646131373466373266646438643066653338623362643864636564653765623463353663316337
6161666135653039653436663461616365653631666531640a636262356364626365643263386465
35383463616535623336343863643665343065643963363032376131323231616164646234613261
3538323933653631310a366230366234313630633464643938633863383630306533343636666335
39383166306439656566643266663862313664346265366135633138373938626161366462343661
31613030316639643133393537646266623830393261656261303665373865373466363536326135
30336432343331336261663732613034333539656632633336613336633562366532383839396536
30623137376533333236663730663662356265356332363037613766643436383731633430333733
64313030616663303130366138636534343530373437393263343534333366343866366165343832
31353664396230353634386336666439316561663134343562613630646134616566323830366166
33353734626531303265646661323932353438336566636537396531323764616331643530646136
32316639333636316563343436643364326265653831393763636464303463626136323464356537
31623565663536333664363966333830316365663337366131656233653766316232626534303265
30633139646466626430326130383533326236333466316438343530363531306530333933353964
37376635613465633633373862653036623730303961303762306231396363663735383636636262
32643765363565653962646361613931386432383332313230633332356162386163393633303634
38356639373239616439353632313638643964613264303661333035613931626139626261623236
33373762663339363038366164343166636139353762653638663266613866353737626464346133
65383535363838366333313432643065653138623937386563333538643630373334623331316235
63353234323330343730656537613834313937663166376231386434326666363233353463383163
6139
